SensorTimestamp: 22429973552000
ScalerCrop: (1152, 432, 2304, 1728)
ScalerCrops: [(1152, 432, 2304, 1728)]
AfPauseState: 0
AfState: 2
ExposureTime: 23648
FocusFoM: 82
AnalogueGain: 1.4992679357528687
AeLocked: True
ColourCorrectionMatrix: (1.4086419343948364, -0.3480415642261505, -0.06060921400785446, -0.3224530518054962, 1.5717054605484009, -0.24924474954605103, -0.011675461195409298, -0.6307857036590576, 1.6424622535705566)
FrameDuration: 24090
SensorTemperature: 42.0
DigitalGain: 1.0107604265213013
LensPosition: 0.2976039946079254
Lux: 362.7812805175781
ColourTemperature: 4500
ColourGains: (1.0960431098937988, 2.892570972442627)
SensorBlackLevels: (4096, 4096, 4096, 4096)
